3,2
3,1
3,3
10,246
10,104
10,30
10,204
10,174
10,178
11,10
11,23
9,7
9,4
9,1
9,6
9,2
9,3
8,9
8,16
8,2
8,3
49,5
49,4
49,3
49,2
49,1
49,0
47,5
47,4
47,3
47,2
47,1
47,0
45,4
45,3
45,2
45,1
45,0
44,5
44,4
44,3
44,2
44,1
44,0
42,4
42,1
40,3
40,1
38,3
38,1
37,3
37,1
36,3
36,1
33,3
33,1
32,3
32,1
31,3
31,1
20,3
20,2
20,1
19,3
19,2
19,1
18,3
18,1
12,3
12,2
12,1
14,1
11,28
14,3
11,27
13,1
11,26
11,25
13,3
11,24
11,22
11,21
11,19
11,18
11,17
11,16
11,15
11,14
11,13
11,12
11,11
11,9
11,8
11,7
11,6
11,5
11,4
11,3
11,2
11,1
10,300
